4100287387184462|1|2024|806 amount_too_small
4100288162971750|11|2023|177 amount_too_small
4100283820441858|6|2026|462 amount_too_small
4100287614373946|7|2027|982 amount_too_small
4100289741829758|9|2026|202 amount_too_small
4100285747990370|2|2024|415 amount_too_small
4100285616355754|5|2024|177 amount_too_small
410028369652919|11|2027|297 incorrect_number
410028425674214|5|2024|173 incorrect_number
4100285891067041|9|2026|550 amount_too_small
4100282520936662|3|2023|869 amount_too_small
4100285516577838|1|2024|338 amount_too_small
