107141
538710
523754
309046
694205
355385
234113
784550
144882
968601
419147
378050
537300
327394
316307
606387
904787
626181
834184
857048
502470
157411
432781
750411
698483
888172
235749
190608
753469
636943
390160
813473
746946
455898
778070
632828
114358
259111
626433
273441
929654
511540
837083
780913
212222
350589
506998
690525
990930
288212
456095
812812
871636
257781
418028
899405
954760
191429
564364
739424
787608
139315
736826
667444
765464
584595
387705
659350
202841
597359
722742
747348
835960
284475
478023
507892
391371
670206
408886
228203
297981
199579
559045
119214
106052
960475
264454
227927
905980
587669
840432
682514
368048
441052
886455
184074
172552
757601
460676
576086
953855
699917
121381
495230
231949
234377
396563
318901
891744
430206
843395
658304
993429
884179
960625
646485
651292
949804
314487
515771
799152
583666
414169
938819
437129
908785
440159
888007
750972
757278
732651
399415
439565
480894
924353
493545
600103
747971
779737
286107
509568
514294
672112
761246
576941
113337
681987
956786
432284
888429
149978
863661
454955
256994
720171
222721
594761
560703
117528
914728
797240
212982
906187
113226
531152
256049
438916
809980
283737
366409
355584
697475
649480
222932
848721
888333
602300
508325
592693
651026
987348
805598
927739
159336
496090
628619
789418
760436
703715
695974
949909
717394
601266
614940
523714
565318
807558
762602
527042
741854
504319
135760
323258
463719
911622
244391
930998
588805
754771
287767
507571
782101
142719
595778
990231
580403
166187
963549
668537
727102
122142
434189
941408
552298
187092
261731
491628
345406
853715
176997
437940
569375
702297
980194
339680
178766
581715
179175
190317
750096
239008
401710
597871
988250
552222
161428
490486
656406
501465
408384
505987
279697
389784
121752
465211
630494
785930
775467
901182
829372
896881
227247
345955
110129
596719
953968
132861
808460
722150
704017
194253
216909
425091
581971
140488
882586
600150
546203
231162
244213
218892
379870
389607
816310
873342
172713
727123
815900
788633
510360
438401
666230
341901
406855
762008
290597
461591
987307
270111
468518
442635
648828
868907
563878
182626
914641
578120
771173
680575
531540
607709
176025
950274
175447
642516
568126
745762
353109
218267
964634
670216
490958
773590
137753
617299
472490
790995
251304
905650
238835
511504
688202
455830
837801
104013
504025
713724
303318
207334
626249
447386
387948
209271
457895
810106
687214
441674
165792
344495
790013
870203
134179
168986
175440
478675
479755
861298
998922
133308
553452
389734
732105
323522
361080
993001
702738
336618
588242
260840
564035
138440
741248
135050
278710
634188
110244
801627
782739
566831
212945
263561
232703
378314
200406
851093
178071
221519
400292
908143
420065
452557
433312
621986
487379
418882
631743
941837
488915
931910
615128
300373
584634
317130
735559
702271
829129
797116
970471
749817
991811
856402
576449
900551
588653
862132
511354
330625
885269
934015
169553
770886
650392
701328
892459
647550
523360
474575
546142
275401
915651
122622
221791
188697
865491
797870
134749
377005
242509
694370
863733
639426
150090
994608
836396
949456
572099
476437
311707
117361
183640
208445
964756
492144
643764
175106
286211
786634
991896
633386
396424
848932
814431
716056
442520
114504
344522
772372
826821
536561
514077
380281
940461
949598
868004
136876
149892
853204
887068
146782
124870
155347
204038
126241
785106
124569
430064
944204
686765
360493
208714
951000
425494
954842
391409
331085
400466
437018
419288
157824
303574
600487
977812
142416
323018
595131
820149
576643
696626
170830
383153
418783
585771
126342
628657
252927
929185
716996
123274
582749
817437
502268
580554
779173
622687
849229
768950
424812
861539
975052
476887
940940
656577
253992
222814
900202
648761
105288
688030
398033
241348
411305
116721
391382
343684
677569
850844
670803
701460
841746
105087
715995
541502
203312
719931
835250
662312
590996
849691
279318
355557
326486
394908
653102
802316
414278
909279
934174
602841
982736
355443
241676
885726
399607
589872
994996
209805
162853
809228
140396
260550
433428
529636
135531
606202
890519
259801
959237
839488
363600
623149
316903
943835
223577
865391
771946
245862
730590
969547
229572
849904
201591
338470
803696
644159
371051
751651
567649
936913
837129
837872
356120
442453
894076
822808
280671
703115
483798
570095
515465
466992
614806
409747
475676
829207
124006
588060
107258
660879
507983
329339
851583
216251
431554
156882
722633
391506
196273
449838
685043
794639
153581
893325
635157
189211
831641
795107
560715
818861
975521
842228
587074
471743
428289
280044
184444
207887
878332
339991
403290
470590
144406
354422
415205
495522
479286
484071
760090
239737
616471
212068
557333
935220
512939
117855
826875
534748
411326
623173
894635
787707
724927
819869
238092
207516
904735
750271
303518
148297
106604
832039
840884
712913
627405
930036
944635
783228
762638
885427
124493
159071
963116
170100
213764
337098
949214
663195
881409
569162
510066
897068
724825
979523
479416
196945
497964
351273
743528
105370
497882
224561
835400
902682
411963
957466
516996
450164
543614
907798
147520
947280
567980
155629
544931
160870
303216
437946
475223
577830
425575
823649
420685
356073
230489
142365
824084
960846
728567
502218
182320
678493
717955
896994
404583
680336
510060
737870
781212
444499
955566
470374
473686
422098
814882
396746
241216
210286
469209
923706
283336
393986
186376
592475
742608
849386
530395
224240
794932
569795
226569
982059
653284
360053
548914
194709
482179
717653
899077
238230
366114
687203
703551
805674
994437
676146
262119
865503
116205
767157
615180
528022
266711
525847
474950
535699
714338
171236
769788
127629
830393
420536
249546
823583
775360
174862
727412
370289
944693
197921
830439
539045
294723
183782
418124
586435
196101
637797
499248
336643
692736
461294
646319
778284
427557
992157
313200
707948
513917
471929
171807
683883
933863
806282
728261
416033
206613
942061
452535
130398
469279
374256
108705
167813
552313
233899
647854
959854
742030
117837
111788
694511
559110
644972
185280
352025
561439
793864
262680
377391
473277
225449
383232
261099
261073
511972
369939
296706
920678
263159
504930
186965
249462
762966
162540
404123
988456
229234
855606
952672
681495
315487
814482
740898
300711
310593
468446
939225
866281
244172
330170
965048
492277
605131
123746
440019
639571
690662
969029
560097
277883
173601
580608
